6.21011634591
6.21011634591
1.38591881907
1.38591881907
1.38591881907
1.38591881907
1.38591881907
1.38591881907
1.38591881907
1.38591881907
1.38591881907
1.38591881907
1.05388845871
1.05388845871
0.299585033261
0.299585033261
0.299585033261
0.299585033261
0.244178373173
0.244178373173
0.244178373173
0.244178373173
0.244178373173
0.244178373173
0.244178373173
0.244178373173
0.0724721757231
0.00729169066433
0.00729169066433
0.00729169066433
0.00729169066433
0.00729169066433
0.00729169066433
0.00729169066433
0.00729169066433
0.00729169066433
0.00729169066433
0.00729169066433
0.00729169066433
0.00729169066433
0.00729169066433
0.00729169066433
0.00729169066433
0.00729169066433
0.00729169066433
0.00729169066433
0.00729169066433
0.00729169066433
0.00729169066433
0.00729169066433
0.00729169066433
0.00729169066433
0.00729169066433
0.00729169066433
0.00729169066433
0.00729169066433
0.00729169066433
0.00729169066433
0.00729169066433
0.00729169066433
0.00729169066433
0.00729169066433
0.00729169066433
0.00729169066433
0.00729169066433
0.00729169066433
0.00729169066433
0.00729169066433
0.00729169066433
0.00729169066433
0.00729169066433
0.00729169066433
0.00729169066433
0.00729169066433
0.00729169066433
0.00729169066433
0.00729169066433
0.00729169066433
0.00729169066433
0.00729169066433
0.00729169066433
0.00729169066433
0.00729169066433
0.00729169066433
0.00729169066433
0.00729169066433
0.00729169066433
0.00729169066433
0.00729169066433
0.00729169066433
0.00729169066433
0.00729169066433
0.00729169066433
0.00729169066433
0.00729169066433
0.00729169066433
0.00729169066433
0.00729169066433
0.00729169066433
0.00729169066433
0.00729169066433
